  Dec	Hex	Binario

G 71 	47	1000111
u 117	75	1110101
i 105	69	1101001
d 100	64	1100100
o 111	6F	1101111


10001111110101110100111001001101111

T 84		1010100		
e 101		1100101

k 107		1101011
i 105		1101001
e 101		1100101
r 114		1110010
o 111		1101111

k 107		1101011
a 97		1100001
r 114		1110010
e 101 		1100101
n 110		1101110

1010100 1100101 1101011 1101001 1100101 1110010 1101111 1101011 1100001 1110010 1100101 1101110

T 84		1010100
e 101		1100101

a 97		1100001
m 109		1101101
o 111		1101111

k 107		1101011
a  97		1100001
r 114		1110010
e 101 		1100101
n 110		1101110

1010100 1100101 1100001 1101101 1101111 1101011 1100001 1110010 1100101 1101110